\begin{tabular}{l*6{S[table-format=7.0]}}
  \toprule
  & {Trump} & {FoxNews} & {TeaParty} & {Clinton} & {CNN} & {NYTimes} \\ 
  \midrule
  Trump & 2243216 & 1078513 & 128225 & 32731 & 120963 & 25842 \\ 
  FoxNews & 1078513 & 2449174 & 148016 & 87084 & 186850 & 63401 \\ 
  TeaParty & 128225 & 148016 & 242089 & 1528 & 10738 & 2162 \\ 
  Clinton & 32731 & 87084 & 1528 & 1768980 & 351210 & 367021 \\ 
  CNN & 120963 & 186850 & 10738 & 351210 & 1201156 & 216163 \\ 
  NYTimes & 25842 & 63401 & 2162 & 367021 & 216163 & 986613 \\ 
  \bottomrule
\end{tabular}